Features Considered are[1, 2, 3, 4, 5, 6, 7, 8, 9]
------------------------Iteration 0 ------------------------
Cluster Id : 0
Cluster Centers : Type = dense real , numRows = 1 , numCols = 11
1213375.000   6.778   6.597   6.500   5.886   5.335   6.869   6.375   7.438   2.767   2.000  

Previous Centers : Type = dense real , numRows = 1 , numCols = 11
1213375.000   8.000   4.000   4.000   5.000   4.000   7.000   7.000   8.000   2.000   2.000  

Cluster Points[1016277, 1017122, 1041801, 1044572, 1054590, 1054593, 1065726, 1072179, 1080185, 1081791, 1084584, 1091262, 1099510, 1103608, 1105257, 1106829, 1108449, 1110102, 1110503, 1111249, 1112209, 1113038, 1115282, 1116132, 1116998, 1118039, 1120559, 1123061, 1124651, 1125035, 1137156, 1147699, 1147748, 1148873, 1165926, 1166630, 1166654, 1167439, 1168736, 1170420, 1171710, 1171795, 1172152, 1173509, 1175937, 1176881, 1187457, 1187805, 1189286, 1196295, 1196915, 1197993, 1200847, 1200952, 1201936, 1205138, 1206695, 1206841, 1207986, 1210963, 1211202, 1213375, 1214966, 1218105, 1219525, 1219859, 1221863, 1222047, 1222936, 1223793, 1225799, 1226612, 1227210, 1227481, 1228152, 1230175, 1230688, 1231387, 1231706, 1236043, 1241559, 1241679, 1242364, 144888, 167528, 191250, 1017023, 263538, 274137, 303213, 324427, 390840, 488173, 508234, 527363, 529329, 543558, 555977, 606722, 616240, 63375, 635844, 640744, 659642, 667204, 691628, 709287, 721482, 760001, 809912, 822829, 832226, 832567, 846832, 850831, 866325, 873549, 877291, 95719, 160296, 846423, 1151734, 1211265, 1238633, 1238948, 1239232, 1258549, 1266154, 1295186, 608157, 1193544, 1230994, 1257470, 1259008, 1296572, 1298416, 1299596, 1299161, 1318169, 474162, 1076352, 1142706, 1286943, 1306282, 1313325, 412300, 837480, 1222464, 1241035, 1313982, 1331412, 1343374, 142932, 378275, 878358, 1107684, 1254538, 1294261, 1295529, 1352663, 352431, 803531, 822829, 1190386, 1253955, 1268952, 1315807, 1333877, 1350319, 1350423, 1352848, 1369821, 1371026, 888820, 897471, 897471]
Cluster Internal Indexes[3, 5, 12, 14, 20, 21, 24, 31, 35, 36, 37, 38, 39, 42, 44, 47, 49, 50, 51, 53, 54, 55, 58, 61, 63, 65, 66, 69, 70, 71, 78, 82, 83, 85, 96, 97, 98, 99, 102, 105, 107, 108, 110, 115, 122, 124, 144, 145, 148, 154, 155, 160, 167, 169, 171, 177, 180, 181, 182, 184, 185, 190, 194, 199, 204, 205, 207, 208, 209, 212, 215, 217, 218, 220, 221, 223, 224, 225, 226, 228, 229, 230, 231, 239, 241, 243, 244, 253, 254, 255, 260, 262, 273, 275, 276, 277, 279, 280, 284, 285, 287, 288, 290, 293, 296, 300, 304, 306, 314, 326, 330, 334, 335, 338, 339, 344, 345, 346, 352, 353, 367, 377, 386, 397, 399, 400, 410, 412, 421, 425, 434, 438, 441, 442, 450, 451, 452, 464, 467, 468, 473, 478, 491, 499, 500, 507, 515, 531, 534, 540, 550, 554, 556, 559, 566, 567, 571, 575, 576, 588, 590, 596, 597, 610, 617, 620, 632, 641, 652, 653, 654, 664, 665, 680, 681, 682, -1, -1, -1, -1, -1, -1, -1, -1, -1, -1, -1, -1, -1, -1, -1, -1, -1, -1, -1, -1, -1, -1, -1, -1, -1, -1, -1, -1, -1, -1, -1, -1, -1, -1, -1, -1, -1, -1, -1, -1, -1, -1, -1, -1, -1, -1, -1, -1, -1, -1, -1, -1, -1, -1, -1, -1, -1, -1, -1, -1, -1, -1, -1, -1, -1, -1, -1, -1, -1, -1, -1, -1, -1, -1, -1, -1, -1, -1, -1, -1, -1, -1, -1, -1, -1, -1, -1, -1, -1, -1, -1, -1, -1, -1, -1, -1, -1, -1, -1, -1, -1, -1, -1, -1, -1, -1, -1, -1, -1, -1, -1, -1, -1, -1, -1, -1, -1, -1, -1, -1, -1, -1, -1, -1, -1, -1, -1, -1, -1, -1, -1, -1, -1, -1, -1, -1, -1, -1, -1, -1, -1, -1, -1, -1, -1, -1, -1, -1, -1, -1, -1, -1, -1, -1, -1, -1, -1, -1, -1, -1, -1, -1, -1, -1, -1, -1, -1, -1, -1, -1, -1, -1, -1, -1, -1, -1, -1, -1, -1, -1, -1, -1, -1, -1, -1, -1, -1, -1, -1, -1, -1, -1, -1, -1, -1, -1, -1, -1, -1, -1, -1, -1, -1, -1, -1, -1, -1, -1, -1, -1, -1, -1, -1, -1, -1, -1, -1, -1, -1, -1, -1, -1, -1, -1, -1, -1, -1, -1, -1, -1, -1, -1, -1, -1, -1, -1, -1, -1, -1, -1, -1, -1, -1, -1, -1, -1, -1, -1, -1, -1, -1, -1, -1, -1, -1, -1, -1, -1, -1, -1, -1, -1, -1, -1, -1, -1, -1, -1, -1, -1, -1, -1, -1, -1, -1, -1, -1, -1, -1, -1, -1, -1, -1, -1, -1, -1, -1, -1, -1, -1, -1, -1, -1, -1, -1, -1, -1, -1, -1, -1, -1, -1, -1, -1, -1, -1, -1, -1, -1, -1, -1, -1, -1, -1, -1, -1, -1, -1, -1, -1, -1, -1, -1, -1, -1, -1, -1, -1, -1, -1, -1, -1, -1, -1, -1, -1, -1, -1, -1, -1, -1, -1, -1, -1, -1, -1, -1, -1, -1, -1, -1, -1, -1, -1, -1, -1, -1, -1, -1, -1, -1, -1, -1, -1, -1, -1, -1, -1, -1, -1, -1, -1, -1, -1, -1, -1, -1, -1, -1, -1, -1, -1, -1, -1, -1, -1, -1, -1, -1, -1, -1, -1, -1, -1, -1, -1, -1, -1, -1, -1, -1, -1, -1, -1, -1, -1, -1, -1, -1, -1, -1, -1, -1, -1, -1, -1, -1, -1, -1, -1, -1, -1, -1, -1, -1, -1, -1, -1, -1, -1, -1, -1, -1, -1, -1, -1, -1, -1, -1, -1, -1, -1, -1, -1, -1, -1, -1, -1, -1, -1, -1, -1, -1, -1, -1, -1, -1, -1, -1, -1, -1, -1, -1, -1, -1, -1, -1, -1, -1, -1, -1, -1, -1, -1, -1, -1, -1, -1, -1, -1, -1, -1, -1, -1, -1, -1, -1, -1, -1, -1, -1, -1, -1, -1, -1, -1, -1, -1, -1, -1, -1, -1, -1, -1, -1, -1, -1]

Cluster Id : 1
Cluster Centers : Type = dense real , numRows = 1 , numCols = 11
1171845.000   3.631   1.955   2.075   1.769   2.505   2.391   2.428   1.284   1.199   4.000  

Previous Centers : Type = dense real , numRows = 1 , numCols = 11
1171845.000   8.000   6.000   4.000   3.000   5.000   9.000   3.000   1.000   1.000   4.000  

Cluster Points[1000025, 1002945, 1015425, 1017023, 1018099, 1018561, 1033078, 1033078, 1035283, 1036172, 1043999, 1047630, 1048672, 1049815, 1050670, 1050718, 1056784, 1059552, 1066373, 1066979, 1067444, 1070935, 1070935, 1071760, 1074610, 1075123, 1079304, 1100524, 1102573, 1103722, 1105524, 1106095, 1108370, 1110524, 1113483, 1113906, 1115293, 1116116, 1116192, 1117152, 1121732, 1121919, 1126417, 1131294, 1132347, 1133041, 1133136, 1136142, 1143978, 1143978, 1147044, 1148278, 1152331, 1155546, 1156272, 1156948, 1157734, 1158247, 1160476, 1164066, 1165297, 1165790, 1167471, 1168359, 1169049, 1170419, 1171710, 1171845, 1173216, 1173235, 1173347, 1173347, 1173514, 1173681, 1174057, 1174057, 1174131, 1174428, 1176406, 1177027, 1177399, 1177512, 1178580, 1179818, 1180194, 1180523, 1180831, 1181356, 1182404, 1182410, 1183240, 1183516, 1183911, 1183983, 1184184, 1184241, 1185609, 1185610, 1188472, 1189266, 1190394, 1190485, 1192325, 1193091, 1193210, 1197080, 1197270, 1197440, 1197979, 1198128, 1198641, 1199219, 1199731, 1199983, 1200772, 1200892, 1201834, 1202125, 1202812, 1203096, 1204242, 1204898, 1205579, 1206089, 1208301, 1212232, 1212251, 1212422, 1212422, 1213383, 1214092, 1214556, 1216694, 1216947, 1217051, 1217264, 1218741, 1218860, 1218860, 1219406, 1220330, 1223282, 1223426, 1223967, 1224329, 1226012, 1227244, 1228311, 1232225, 1243256, 1270479, 1276091, 1277018, 128059, 1285531, 1287775, 145447, 183913, 1100524, 1116116, 1168736, 1182404, 1182404, 1198641, 242970, 255644, 314428, 1182404, 1198641, 320675, 385103, 411453, 320675, 428903, 431495, 434518, 452264, 456282, 476903, 486283, 486662, 492268, 535331, 560680, 561477, 601265, 625201, 636130, 646904, 653777, 666090, 666942, 673637, 684955, 688033, 693702, 704097, 706426, 718641, 730881, 733639, 733823, 740492, 743348, 752904, 756136, 760239, 76389, 764974, 770066, 785208, 785615, 792744, 797327, 798429, 704097, 806423, 810104, 814265, 814911, 826923, 830690, 831268, 836433, 837082, 855524, 857774, 859164, 859350, 877943, 888169, 888523, 896404, 897172, 342245, 428598, 492561, 493452, 493452, 521441, 560680, 636437, 640712, 654244, 657753, 685977, 805448, 1002504, 1022257, 1026122, 1071084, 1080233, 1114570, 1114570, 1116715, 1131411, 1156017, 1158247, 1158405, 1168278, 1176187, 1196263, 1196475, 1206314, 1213784, 1223003, 1223306, 1223543, 1229929, 1231853, 1234554, 1236837, 1237674, 1238021, 1238915, 1239347, 1239967, 1240337, 1253505, 1255384, 1257200, 1257648, 1257815, 1257938, 1258556, 1272039, 1276091, 1276091, 1276091, 1277629, 1293439, 1293439, 1294562, 527337, 558538, 566509, 677910, 734111, 734111, 780555, 827627, 1049837, 1058849, 1182404, 1201870, 1202253, 1227081, 1238410, 1246562, 1266124, 1267898, 1268313, 1268804, 1276091, 1280258, 1293966, 1105524, 1181685, 1211594, 1238777, 1257608, 1269574, 1277145, 1287282, 1296025, 1296263, 1296593, 1301945, 1302428, 787451, 1002025, 1070522, 1073960, 1084139, 1115293, 1119189, 1133991, 1155967, 1170945, 1181567, 1182404, 1204558, 1217952, 1224565, 1238186, 1253917, 1265899, 1268766, 1277268, 1295508, 1297327, 1297522, 1298360, 1299924, 1299994, 1304595, 1320077, 1320077, 1320304, 1330439, 333093, 369565, 672113, 749653, 769612, 769612, 798429, 807657, 8233704, 867392, 869828, 1043068, 1056171, 1061990, 1113061, 1116192, 1135090, 1145420, 1158157, 1171578, 1174841, 1184586, 1186936, 1197527, 1240603, 1240603, 1287971, 1289391, 1299924, 1306339, 1313658, 1321264, 1321321, 1321348, 1321931, 1321942, 1321942, 1328331, 1328755, 1331405, 1333104, 1334071, 1343068, 1344121, 183936, 324382, 385103, 690557, 695091, 695219, 824249, 871549, 1115762, 1217717, 1239420, 1261751, 1268275, 1272166, 1298484, 1311875, 1315506, 1320141, 1325309, 1333063, 1333495, 1334659, 1336798, 1344449, 1350568, 188336, 353098, 411453, 557583, 636375, 736150, 1016634, 1031608, 1041043, 1042252, 1061990, 1073836, 1083817, 1096352, 1140597, 1149548, 1174009, 1183596, 1190546, 1213273, 1218982, 1225382, 1235807, 1238777, 1257366, 1260659, 1275807, 1277792, 1277792, 1285722, 1288608, 1290203, 1294413, 1299596, 1303489, 1311033, 1311108, 1318671, 1319609, 1323477, 1324572, 1324681, 1325159, 1326892, 1330361, 1334015, 1334667, 1339781, 1339781, 13454352, 1345452, 1345593, 1347749, 1347943, 1348851, 1353092, 1354840, 1354840, 1355260, 1365075, 1365328, 1368267, 1368273, 1368882, 1371920, 466906, 466906, 534555, 536708, 566346, 603148, 654546, 654546, 695091, 714039, 763235, 776715, 841769]
Cluster Internal Indexes[0, 1, 2, 4, 6, 7, 8, 9, 10, 11, 13, 15, 16, 17, 18, 19, 22, 23, 25, 26, 27, 28, 29, 30, 32, 33, 34, 40, 41, 43, 45, 46, 48, 52, 56, 57, 59, 60, 62, 64, 67, 68, 72, 73, 74, 75, 76, 77, 79, 80, 81, 84, 86, 87, 88, 89, 90, 91, 92, 93, 94, 95, 100, 101, 103, 104, 106, 109, 111, 112, 113, 114, 116, 117, 118, 119, 120, 121, 123, 125, 126, 127, 128, 129, 130, 131, 132, 133, 134, 135, 136, 137, 138, 139, 140, 141, 142, 143, 146, 147, 149, 150, 151, 152, 153, 156, 157, 158, 159, 161, 162, 163, 164, 165, 166, 168, 170, 172, 173, 174, 175, 176, 178, 179, 183, 186, 187, 188, 189, 191, 192, 193, 195, 196, 197, 198, 200, 201, 202, 203, 206, 210, 211, 213, 214, 216, 219, 222, 227, 232, 233, 234, 235, 236, 237, 238, 240, 242, 245, 246, 247, 248, 249, 250, 251, 252, 256, 257, 258, 259, 261, 263, 264, 265, 266, 267, 268, 269, 270, 271, 272, 274, 278, 281, 282, 283, 286, 289, 291, 292, 294, 295, 297, 298, 299, 301, 302, 303, 305, 307, 308, 309, 310, 311, 312, 313, 315, 316, 317, 318, 319, 320, 321, 322, 323, 324, 325, 327, 328, 329, 331, 332, 333, 336, 337, 340, 341, 342, 343, 347, 348, 349, 350, 351, 354, 355, 356, 357, 358, 359, 360, 361, 362, 363, 364, 365, 366, 368, 369, 370, 371, 372, 373, 374, 375, 376, 378, 379, 380, 381, 382, 383, 384, 385, 387, 388, 389, 390, 391, 392, 393, 394, 395, 396, 398, 401, 402, 403, 404, 405, 406, 407, 408, 409, 411, 413, 414, 415, 416, 417, 418, 419, 420, 422, 423, 424, 426, 427, 428, 429, 430, 431, 432, 433, 435, 436, 437, 439, 440, 443, 444, 445, 446, 447, 448, 449, 453, 454, 455, 456, 457, 458, 459, 460, 461, 462, 463, 465, 466, 469, 470, 471, 472, 474, 475, 476, 477, 479, 480, 481, 482, 483, 484, 485, 486, 487, 488, 489, 490, 492, 493, 494, 495, 496, 497, 498, 501, 502, 503, 504, 505, 506, 508, 509, 510, 511, 512, 513, 514, 516, 517, 518, 519, 520, 521, 522, 523, 524, 525, 526, 527, 528, 529, 530, 532, 533, 535, 536, 537, 538, 539, 541, 542, 543, 544, 545, 546, 547, 548, 549, 551, 552, 553, 555, 557, 558, 560, 561, 562, 563, 564, 565, 568, 569, 570, 572, 573, 574, 577, 578, 579, 580, 581, 582, 583, 584, 585, 586, 587, 589, 591, 592, 593, 594, 595, 598, 599, 600, 601, 602, 603, 604, 605, 606, 607, 608, 609, 611, 612, 613, 614, 615, 616, 618, 619, 621, 622, 623, 624, 625, 626, 627, 628, 629, 630, 631, 633, 634, 635, 636, 637, 638, 639, 640, 642, 643, 644, 645, 646, 647, 648, 649, 650, 651, 655, 656, 657, 658, 659, 660, 661, 662, 663, 666, 667, 668, 669, 670, 671, 672, 673, 674, 675, 676, 677, 678, 679, -1, -1, -1, -1, -1, -1, -1, -1, -1, -1, -1, -1, -1, -1, -1, -1, -1, -1, -1, -1, -1, -1, -1, -1, -1, -1, -1, -1, -1, -1, -1, -1, -1, -1, -1, -1, -1, -1, -1, -1, -1, -1, -1, -1, -1, -1, -1, -1, -1, -1, -1, -1, -1, -1, -1, -1, -1, -1, -1, -1, -1, -1, -1, -1, -1, -1, -1, -1, -1, -1, -1, -1, -1, -1, -1, -1, -1, -1, -1, -1, -1, -1, -1, -1, -1, -1, -1, -1, -1, -1, -1, -1, -1, -1, -1, -1, -1, -1, -1, -1, -1, -1, -1, -1, -1, -1, -1, -1, -1, -1, -1, -1, -1, -1, -1, -1, -1, -1, -1, -1, -1, -1, -1, -1, -1, -1, -1, -1, -1, -1, -1, -1, -1, -1, -1, -1, -1, -1, -1, -1, -1, -1, -1, -1, -1, -1, -1, -1, -1, -1, -1, -1, -1, -1, -1, -1, -1, -1, -1, -1, -1, -1, -1, -1, -1, -1, -1, -1, -1, -1, -1, -1, -1, -1, -1, -1]

------------------------Iteration 1 ------------------------
Cluster Id : 0
Cluster Centers : Type = dense real , numRows = 1 , numCols = 11
1213375.000   7.237   6.959   6.877   5.922   5.521   7.973   6.187   6.224   2.635   2.000  

Previous Centers : Type = dense real , numRows = 1 , numCols = 11
1213375.000   6.778   6.597   6.500   5.886   5.335   6.869   6.375   7.438   2.767   2.000  

Cluster Points[1002945, 1016277, 1017122, 1044572, 1050670, 1054590, 1054593, 1072179, 1080185, 1084584, 1091262, 1100524, 1103608, 1105257, 1106829, 1110102, 1110503, 1110524, 1111249, 1112209, 1115282, 1116116, 1118039, 1120559, 1123061, 1125035, 1147699, 1147748, 1148278, 1148873, 1165926, 1166630, 1166654, 1168736, 1170419, 1170420, 1171710, 1171845, 1172152, 1173216, 1173509, 1174131, 1174428, 1175937, 1176881, 1177399, 1180194, 1183983, 1187805, 1189266, 1189286, 1192325, 1196295, 1196915, 1197993, 1198128, 1200847, 1200892, 1200952, 1201936, 1205138, 1205579, 1206695, 1206841, 1207986, 1210963, 1211202, 1213375, 1214966, 1216694, 1218105, 1218741, 1219525, 1219859, 1221863, 1222047, 1222936, 1223793, 1225799, 1226612, 1227210, 1227481, 1228152, 1230175, 1230688, 1231387, 1232225, 1241559, 1241679, 1242364, 1243256, 144888, 191250, 1017023, 1100524, 1116116, 1168736, 242970, 255644, 263538, 274137, 303213, 314428, 1198641, 324427, 390840, 476903, 488173, 492268, 508234, 527363, 529329, 543558, 555977, 601265, 606722, 616240, 63375, 635844, 640744, 653777, 659642, 667204, 691628, 706426, 709287, 721482, 730881, 733823, 760001, 760239, 76389, 785208, 785615, 797327, 806423, 809912, 822829, 832567, 850831, 859350, 866325, 873549, 877291, 877943, 95719, 160296, 846423, 1080233, 1151734, 1211265, 1238633, 1238948, 1239347, 1257200, 1258549, 1266154, 1293439, 1294562, 1295186, 608157, 1193544, 1230994, 1257470, 1259008, 1296572, 1298416, 1299596, 1299161, 1318169, 474162, 1073960, 1076352, 1119189, 1142706, 1286943, 1306282, 1313325, 1330439, 412300, 672113, 837480, 1222464, 1241035, 1331412, 1343068, 1343374, 1344121, 142932, 378275, 878358, 1107684, 1254538, 1268275, 1294261, 1295529, 1298484, 1315506, 1352663, 188336, 352431, 557583, 736150, 803531, 822829, 1190386, 1253955, 1268952, 1315807, 1334015, 1350319, 1350423, 1352848, 1369821, 1371026, 695091, 888820, 897471, 897471]
Cluster Internal Indexes[1, 3, 5, 14, 18, 20, 21, 31, 35, 37, 38, 40, 42, 44, 47, 50, 51, 52, 53, 54, 58, 60, 65, 66, 69, 71, 82, 83, 84, 85, 96, 97, 98, 102, 104, 105, 107, 109, 110, 111, 115, 120, 121, 122, 124, 126, 130, 139, 145, 147, 148, 151, 154, 155, 160, 161, 167, 168, 169, 171, 177, 178, 180, 181, 182, 184, 185, 190, 194, 195, 199, 200, 204, 205, 207, 208, 209, 212, 215, 217, 218, 220, 221, 223, 224, 225, 227, 229, 230, 231, 232, 239, 243, 244, 245, 246, 247, 251, 252, 253, 254, 255, 256, 258, 260, 262, 270, 273, 274, 275, 276, 277, 279, 280, 283, 284, 285, 287, 288, 290, 292, 293, 296, 300, 303, 304, 306, 307, 309, 314, 315, 316, 319, 320, 322, 325, 326, 330, 335, 339, 343, 344, 345, 346, 347, 352, 353, 367, 372, 377, 386, 397, 399, 401, 406, 410, 412, 419, 420, 421, 425, 434, 438, 441, 442, 450, 451, 452, 464, 467, 468, 472, 473, 476, 478, 491, 499, 500, 504, 507, 508, 515, 531, 534, 550, 553, 554, 555, 556, 559, 566, 567, 571, 573, 575, 576, 577, 579, 588, 589, 590, 593, 595, 596, 597, 610, 617, 620, 632, 642, 652, 653, 654, 664, 665, 675, 680, 681, 682, -1, -1, -1, -1, -1, -1, -1, -1, -1, -1, -1, -1, -1, -1, -1, -1, -1, -1, -1, -1, -1, -1, -1, -1, -1, -1, -1, -1, -1, -1, -1, -1, -1, -1, -1, -1, -1, -1, -1, -1, -1, -1, -1, -1, -1, -1, -1, -1, -1, -1, -1, -1, -1, -1, -1, -1, -1, -1, -1, -1, -1, -1, -1, -1, -1, -1, -1, -1, -1, -1, -1, -1, -1, -1, -1, -1, -1, -1, -1, -1, -1, -1, -1, -1, -1, -1, -1, -1, -1, -1, -1, -1, -1, -1, -1, -1, -1, -1, -1, -1, -1, -1, -1, -1, -1, -1, -1, -1, -1, -1, -1, -1, -1, -1, -1, -1, -1, -1, -1, -1, -1, -1, -1, -1, -1, -1, -1, -1, -1, -1, -1, -1, -1, -1, -1, -1, -1, -1, -1, -1, -1, -1, -1, -1, -1, -1, -1, -1, -1, -1, -1, -1, -1, -1, -1, -1, -1, -1, -1, -1, -1, -1, -1, -1, -1, -1, -1, -1, -1, -1, -1, -1, -1, -1, -1, -1, -1, -1, -1, -1, -1, -1, -1, -1, -1, -1, -1, -1, -1, -1, -1, -1, -1, -1, -1, -1, -1, -1, -1, -1, -1, -1, -1, -1, -1, -1, -1, -1, -1, -1, -1, -1, -1, -1, -1, -1, -1, -1, -1, -1, -1, -1, -1, -1, -1, -1, -1, -1, -1, -1, -1, -1, -1, -1, -1, -1, -1, -1, -1, -1, -1, -1, -1, -1, -1, -1, -1, -1, -1, -1, -1, -1, -1, -1, -1, -1, -1, -1, -1, -1, -1, -1, -1, -1, -1, -1, -1, -1, -1, -1, -1, -1, -1, -1, -1, -1, -1, -1, -1, -1, -1, -1, -1, -1, -1, -1, -1, -1, -1, -1, -1, -1, -1, -1, -1, -1, -1, -1, -1, -1, -1, -1, -1, -1, -1, -1, -1, -1, -1, -1, -1, -1, -1, -1, -1, -1, -1, -1, -1, -1, -1, -1, -1, -1, -1, -1, -1, -1, -1, -1, -1, -1, -1, -1, -1, -1, -1, -1, -1, -1, -1, -1, -1, -1, -1, -1, -1, -1, -1, -1, -1, -1, -1, -1, -1, -1, -1, -1, -1, -1, -1, -1, -1, -1, -1, -1, -1, -1, -1, -1, -1, -1, -1, -1, -1, -1, -1, -1, -1, -1, -1, -1, -1, -1, -1, -1, -1, -1, -1, -1, -1, -1, -1, -1, -1, -1, -1, -1, -1, -1, -1, -1, -1, -1, -1, -1, -1, -1, -1, -1, -1, -1, -1, -1, -1, -1, -1, -1, -1, -1, -1, -1, -1, -1, -1, -1, -1, -1, -1, -1, -1, -1, -1, -1, -1, -1, -1, -1, -1, -1, -1, -1, -1, -1, -1, -1, -1, -1, -1, -1, -1, -1, -1, -1, -1, -1, -1, -1, -1, -1, -1, -1, -1, -1]

Cluster Id : 1
Cluster Centers : Type = dense real , numRows = 1 , numCols = 11
1171845.000   3.123   1.353   1.487   1.371   2.155   1.455   2.151   1.287   1.116   4.000  

Previous Centers : Type = dense real , numRows = 1 , numCols = 11
1171845.000   3.631   1.955   2.075   1.769   2.505   2.391   2.428   1.284   1.199   4.000  

Cluster Points[1000025, 1015425, 1017023, 1018099, 1018561, 1033078, 1033078, 1035283, 1036172, 1041801, 1043999, 1047630, 1048672, 1049815, 1050718, 1056784, 1059552, 1065726, 1066373, 1066979, 1067444, 1070935, 1070935, 1071760, 1074610, 1075123, 1079304, 1081791, 1099510, 1102573, 1103722, 1105524, 1106095, 1108370, 1108449, 1113038, 1113483, 1113906, 1115293, 1116132, 1116192, 1116998, 1117152, 1121732, 1121919, 1124651, 1126417, 1131294, 1132347, 1133041, 1133136, 1136142, 1137156, 1143978, 1143978, 1147044, 1152331, 1155546, 1156272, 1156948, 1157734, 1158247, 1160476, 1164066, 1165297, 1165790, 1167439, 1167471, 1168359, 1169049, 1171710, 1171795, 1173235, 1173347, 1173347, 1173514, 1173681, 1174057, 1174057, 1176406, 1177027, 1177512, 1178580, 1179818, 1180523, 1180831, 1181356, 1182404, 1182410, 1183240, 1183516, 1183911, 1184184, 1184241, 1185609, 1185610, 1187457, 1188472, 1190394, 1190485, 1193091, 1193210, 1197080, 1197270, 1197440, 1197979, 1198641, 1199219, 1199731, 1199983, 1200772, 1201834, 1202125, 1202812, 1203096, 1204242, 1204898, 1206089, 1208301, 1212232, 1212251, 1212422, 1212422, 1213383, 1214092, 1214556, 1216947, 1217051, 1217264, 1218860, 1218860, 1219406, 1220330, 1223282, 1223426, 1223967, 1224329, 1226012, 1227244, 1228311, 1231706, 1236043, 1270479, 1276091, 1277018, 128059, 1285531, 1287775, 145447, 167528, 183913, 1182404, 1182404, 1198641, 1182404, 320675, 385103, 411453, 320675, 428903, 431495, 434518, 452264, 456282, 486283, 486662, 535331, 560680, 561477, 625201, 636130, 646904, 666090, 666942, 673637, 684955, 688033, 693702, 704097, 718641, 733639, 740492, 743348, 752904, 756136, 764974, 770066, 792744, 798429, 704097, 810104, 814265, 814911, 826923, 830690, 831268, 832226, 836433, 837082, 846832, 855524, 857774, 859164, 888169, 888523, 896404, 897172, 342245, 428598, 492561, 493452, 493452, 521441, 560680, 636437, 640712, 654244, 657753, 685977, 805448, 1002504, 1022257, 1026122, 1071084, 1114570, 1114570, 1116715, 1131411, 1156017, 1158247, 1158405, 1168278, 1176187, 1196263, 1196475, 1206314, 1213784, 1223003, 1223306, 1223543, 1229929, 1231853, 1234554, 1236837, 1237674, 1238021, 1238915, 1239232, 1239967, 1240337, 1253505, 1255384, 1257648, 1257815, 1257938, 1258556, 1272039, 1276091, 1276091, 1276091, 1277629, 1293439, 527337, 558538, 566509, 677910, 734111, 734111, 780555, 827627, 1049837, 1058849, 1182404, 1201870, 1202253, 1227081, 1238410, 1246562, 1266124, 1267898, 1268313, 1268804, 1276091, 1280258, 1293966, 1105524, 1181685, 1211594, 1238777, 1257608, 1269574, 1277145, 1287282, 1296025, 1296263, 1296593, 1301945, 1302428, 787451, 1002025, 1070522, 1084139, 1115293, 1133991, 1155967, 1170945, 1181567, 1182404, 1204558, 1217952, 1224565, 1238186, 1253917, 1265899, 1268766, 1277268, 1295508, 1297327, 1297522, 1298360, 1299924, 1299994, 1304595, 1320077, 1320077, 1320304, 333093, 369565, 749653, 769612, 769612, 798429, 807657, 8233704, 867392, 869828, 1043068, 1056171, 1061990, 1113061, 1116192, 1135090, 1145420, 1158157, 1171578, 1174841, 1184586, 1186936, 1197527, 1240603, 1240603, 1287971, 1289391, 1299924, 1306339, 1313658, 1313982, 1321264, 1321321, 1321348, 1321931, 1321942, 1321942, 1328331, 1328755, 1331405, 1333104, 1334071, 183936, 324382, 385103, 690557, 695091, 695219, 824249, 871549, 1115762, 1217717, 1239420, 1261751, 1272166, 1311875, 1320141, 1325309, 1333063, 1333495, 1334659, 1336798, 1344449, 1350568, 353098, 411453, 636375, 1016634, 1031608, 1041043, 1042252, 1061990, 1073836, 1083817, 1096352, 1140597, 1149548, 1174009, 1183596, 1190546, 1213273, 1218982, 1225382, 1235807, 1238777, 1257366, 1260659, 1275807, 1277792, 1277792, 1285722, 1288608, 1290203, 1294413, 1299596, 1303489, 1311033, 1311108, 1318671, 1319609, 1323477, 1324572, 1324681, 1325159, 1326892, 1330361, 1333877, 1334667, 1339781, 1339781, 13454352, 1345452, 1345593, 1347749, 1347943, 1348851, 1353092, 1354840, 1354840, 1355260, 1365075, 1365328, 1368267, 1368273, 1368882, 1371920, 466906, 466906, 534555, 536708, 566346, 603148, 654546, 654546, 714039, 763235, 776715, 841769]
Cluster Internal Indexes[0, 2, 4, 6, 7, 8, 9, 10, 11, 12, 13, 15, 16, 17, 19, 22, 23, 24, 25, 26, 27, 28, 29, 30, 32, 33, 34, 36, 39, 41, 43, 45, 46, 48, 49, 55, 56, 57, 59, 61, 62, 63, 64, 67, 68, 70, 72, 73, 74, 75, 76, 77, 78, 79, 80, 81, 86, 87, 88, 89, 90, 91, 92, 93, 94, 95, 99, 100, 101, 103, 106, 108, 112, 113, 114, 116, 117, 118, 119, 123, 125, 127, 128, 129, 131, 132, 133, 134, 135, 136, 137, 138, 140, 141, 142, 143, 144, 146, 149, 150, 152, 153, 156, 157, 158, 159, 162, 163, 164, 165, 166, 170, 172, 173, 174, 175, 176, 179, 183, 186, 187, 188, 189, 191, 192, 193, 196, 197, 198, 201, 202, 203, 206, 210, 211, 213, 214, 216, 219, 222, 226, 228, 233, 234, 235, 236, 237, 238, 240, 241, 242, 248, 249, 250, 257, 259, 261, 263, 264, 265, 266, 267, 268, 269, 271, 272, 278, 281, 282, 286, 289, 291, 294, 295, 297, 298, 299, 301, 302, 305, 308, 310, 311, 312, 313, 317, 318, 321, 323, 324, 327, 328, 329, 331, 332, 333, 334, 336, 337, 338, 340, 341, 342, 348, 349, 350, 351, 354, 355, 356, 357, 358, 359, 360, 361, 362, 363, 364, 365, 366, 368, 369, 370, 371, 373, 374, 375, 376, 378, 379, 380, 381, 382, 383, 384, 385, 387, 388, 389, 390, 391, 392, 393, 394, 395, 396, 398, 400, 402, 403, 404, 405, 407, 408, 409, 411, 413, 414, 415, 416, 417, 418, 422, 423, 424, 426, 427, 428, 429, 430, 431, 432, 433, 435, 436, 437, 439, 440, 443, 444, 445, 446, 447, 448, 449, 453, 454, 455, 456, 457, 458, 459, 460, 461, 462, 463, 465, 466, 469, 470, 471, 474, 475, 477, 479, 480, 481, 482, 483, 484, 485, 486, 487, 488, 489, 490, 492, 493, 494, 495, 496, 497, 498, 501, 502, 503, 505, 506, 509, 510, 511, 512, 513, 514, 516, 517, 518, 519, 520, 521, 522, 523, 524, 525, 526, 527, 528, 529, 530, 532, 533, 535, 536, 537, 538, 539, 540, 541, 542, 543, 544, 545, 546, 547, 548, 549, 551, 552, 557, 558, 560, 561, 562, 563, 564, 565, 568, 569, 570, 572, 574, 578, 580, 581, 582, 583, 584, 585, 586, 587, 591, 592, 594, 598, 599, 600, 601, 602, 603, 604, 605, 606, 607, 608, 609, 611, 612, 613, 614, 615, 616, 618, 619, 621, 622, 623, 624, 625, 626, 627, 628, 629, 630, 631, 633, 634, 635, 636, 637, 638, 639, 640, 641, 643, 644, 645, 646, 647, 648, 649, 650, 651, 655, 656, 657, 658, 659, 660, 661, 662, 663, 666, 667, 668, 669, 670, 671, 672, 673, 674, 676, 677, 678, 679, -1, -1, -1, -1, -1, -1, -1, -1, -1, -1, -1, -1, -1, -1, -1, -1, -1, -1, -1, -1, -1, -1, -1, -1, -1, -1, -1, -1, -1, -1, -1, -1, -1, -1, -1, -1, -1, -1, -1, -1, -1, -1, -1, -1, -1, -1, -1, -1, -1, -1, -1, -1, -1, -1, -1, -1, -1, -1, -1, -1, -1, -1, -1, -1, -1, -1, -1, -1, -1, -1, -1, -1, -1, -1, -1, -1, -1, -1, -1, -1, -1, -1, -1, -1, -1, -1, -1, -1, -1, -1, -1, -1, -1, -1, -1, -1, -1, -1, -1, -1, -1, -1, -1, -1, -1, -1, -1, -1, -1, -1, -1, -1, -1, -1, -1, -1, -1, -1, -1, -1, -1, -1, -1, -1, -1, -1, -1, -1, -1, -1, -1, -1, -1, -1, -1, -1, -1, -1, -1, -1, -1, -1, -1, -1, -1, -1, -1, -1, -1, -1, -1, -1, -1, -1, -1, -1, -1, -1, -1, -1, -1, -1, -1, -1, -1, -1, -1, -1, -1, -1, -1, -1, -1, -1, -1, -1, -1, -1, -1, -1, -1, -1, -1, -1, -1, -1, -1, -1, -1, -1, -1, -1, -1, -1, -1, -1, -1, -1, -1, -1, -1, -1, -1, -1, -1, -1, -1, -1, -1, -1, -1, -1, -1, -1, -1, -1, -1, -1, -1]

------------------------Iteration 2 ------------------------
Cluster Id : 0
Cluster Centers : Type = dense real , numRows = 1 , numCols = 11
1213375.000   7.171   6.825   6.763   5.781   5.487   7.939   6.127   6.079   2.575   2.000  

Previous Centers : Type = dense real , numRows = 1 , numCols = 11
1213375.000   7.237   6.959   6.877   5.922   5.521   7.973   6.187   6.224   2.635   2.000  

Cluster Points[1002945, 1016277, 1017122, 1044572, 1050670, 1054590, 1054593, 1072179, 1080185, 1084584, 1091262, 1099510, 1100524, 1102573, 1103608, 1105257, 1106829, 1110102, 1110503, 1110524, 1111249, 1112209, 1115282, 1116116, 1118039, 1120559, 1123061, 1125035, 1147699, 1147748, 1148278, 1148873, 1165926, 1166630, 1166654, 1168736, 1170419, 1170420, 1171710, 1171845, 1172152, 1173216, 1173509, 1174131, 1174428, 1175937, 1176881, 1177399, 1180194, 1183983, 1185609, 1187805, 1189266, 1189286, 1192325, 1196295, 1196915, 1197993, 1198128, 1200847, 1200892, 1200952, 1201936, 1202812, 1205138, 1205579, 1206695, 1206841, 1207986, 1210963, 1211202, 1213375, 1214966, 1216694, 1218105, 1218741, 1219525, 1219859, 1221863, 1222047, 1222936, 1223793, 1225799, 1226612, 1227210, 1227481, 1228152, 1230175, 1230688, 1231387, 1232225, 1241559, 1241679, 1242364, 1243256, 144888, 145447, 191250, 1017023, 1100524, 1116116, 1168736, 242970, 255644, 263538, 274137, 303213, 314428, 1198641, 320675, 324427, 390840, 320675, 476903, 488173, 492268, 508234, 527363, 529329, 543558, 555977, 601265, 606722, 616240, 63375, 635844, 640744, 653777, 659642, 667204, 691628, 706426, 709287, 721482, 730881, 733823, 752904, 760001, 760239, 76389, 785208, 785615, 797327, 806423, 809912, 822829, 832567, 846832, 850831, 859350, 866325, 873549, 877291, 877943, 95719, 160296, 846423, 1080233, 1151734, 1211265, 1238633, 1238948, 1239347, 1257200, 1258549, 1266154, 1293439, 1294562, 1295186, 608157, 1193544, 1230994, 1257470, 1259008, 1296572, 1298416, 1299596, 1299161, 1318169, 474162, 1073960, 1076352, 1119189, 1142706, 1286943, 1306282, 1313325, 1330439, 412300, 672113, 837480, 1222464, 1241035, 1331412, 1343068, 1343374, 1344121, 142932, 378275, 878358, 1107684, 1254538, 1268275, 1294261, 1295529, 1298484, 1315506, 1352663, 188336, 352431, 557583, 736150, 803531, 822829, 1190386, 1253955, 1268952, 1315807, 1334015, 1350319, 1350423, 1352848, 1369821, 1371026, 695091, 888820, 897471, 897471]
Cluster Internal Indexes[1, 3, 5, 14, 18, 20, 21, 31, 35, 37, 38, 39, 40, 41, 42, 44, 47, 50, 51, 52, 53, 54, 58, 60, 65, 66, 69, 71, 82, 83, 84, 85, 96, 97, 98, 102, 104, 105, 107, 109, 110, 111, 115, 120, 121, 122, 124, 126, 130, 139, 142, 145, 147, 148, 151, 154, 155, 160, 161, 167, 168, 169, 171, 173, 177, 178, 180, 181, 182, 184, 185, 190, 194, 195, 199, 200, 204, 205, 207, 208, 209, 212, 215, 217, 218, 220, 221, 223, 224, 225, 227, 229, 230, 231, 232, 239, 240, 243, 244, 245, 246, 247, 251, 252, 253, 254, 255, 256, 258, 259, 260, 262, 264, 270, 273, 274, 275, 276, 277, 279, 280, 283, 284, 285, 287, 288, 290, 292, 293, 296, 300, 303, 304, 306, 307, 309, 312, 314, 315, 316, 319, 320, 322, 325, 326, 330, 335, 338, 339, 343, 344, 345, 346, 347, 352, 353, 367, 372, 377, 386, 397, 399, 401, 406, 410, 412, 419, 420, 421, 425, 434, 438, 441, 442, 450, 451, 452, 464, 467, 468, 472, 473, 476, 478, 491, 499, 500, 504, 507, 508, 515, 531, 534, 550, 553, 554, 555, 556, 559, 566, 567, 571, 573, 575, 576, 577, 579, 588, 589, 590, 593, 595, 596, 597, 610, 617, 620, 632, 642, 652, 653, 654, 664, 665, 675, 680, 681, 682, -1, -1, -1, -1, -1, -1, -1, -1, -1, -1, -1, -1, -1, -1, -1, -1, -1, -1, -1, -1, -1, -1, -1, -1, -1, -1, -1, -1, -1, -1, -1, -1, -1, -1, -1, -1, -1, -1, -1, -1, -1, -1, -1, -1, -1, -1, -1, -1, -1, -1, -1, -1, -1, -1, -1, -1, -1, -1, -1, -1, -1, -1, -1, -1, -1, -1, -1, -1, -1, -1, -1, -1, -1, -1, -1, -1, -1, -1, -1, -1, -1, -1, -1, -1, -1, -1, -1, -1, -1, -1, -1, -1, -1, -1, -1, -1, -1, -1, -1, -1, -1, -1, -1, -1, -1, -1, -1, -1, -1, -1, -1, -1, -1, -1, -1, -1, -1, -1, -1, -1, -1, -1, -1, -1, -1, -1, -1, -1, -1, -1, -1, -1, -1, -1, -1, -1, -1, -1, -1, -1, -1, -1, -1, -1, -1, -1, -1, -1, -1, -1, -1, -1, -1, -1, -1, -1, -1, -1, -1, -1, -1, -1, -1, -1, -1, -1, -1, -1, -1, -1, -1, -1, -1, -1, -1, -1, -1, -1, -1, -1, -1, -1, -1, -1, -1, -1, -1, -1, -1, -1, -1, -1, -1, -1, -1, -1, -1, -1, -1, -1, -1, -1, -1, -1, -1, -1, -1, -1, -1, -1, -1, -1, -1, -1, -1, -1, -1, -1, -1, -1, -1, -1, -1, -1, -1, -1, -1, -1, -1, -1, -1, -1, -1, -1, -1, -1, -1, -1, -1, -1, -1, -1, -1, -1, -1, -1, -1, -1, -1, -1, -1, -1, -1, -1, -1, -1, -1, -1, -1, -1, -1, -1, -1, -1, -1, -1, -1, -1, -1, -1, -1, -1, -1, -1, -1, -1, -1, -1, -1, -1, -1, -1, -1, -1, -1, -1, -1, -1, -1, -1, -1, -1, -1, -1, -1, -1, -1, -1, -1, -1, -1, -1, -1, -1, -1, -1, -1, -1, -1, -1, -1, -1, -1, -1, -1, -1, -1, -1, -1, -1, -1, -1, -1, -1, -1, -1, -1, -1, -1, -1, -1, -1, -1, -1, -1, -1, -1, -1, -1, -1, -1, -1, -1, -1, -1, -1, -1, -1, -1, -1, -1, -1, -1, -1, -1, -1, -1, -1, -1, -1, -1, -1, -1, -1, -1, -1, -1, -1, -1, -1, -1, -1, -1, -1, -1, -1, -1, -1, -1, -1, -1, -1, -1, -1, -1, -1, -1, -1, -1, -1, -1, -1, -1, -1, -1, -1, -1, -1, -1, -1, -1, -1, -1, -1, -1, -1, -1, -1, -1, -1, -1, -1, -1, -1, -1, -1, -1, -1, -1, -1, -1, -1, -1, -1, -1, -1, -1, -1, -1, -1, -1, -1, -1, -1, -1, -1, -1, -1, -1, -1, -1, -1, -1, -1, -1, -1, -1, -1, -1, -1, -1, -1, -1, -1, -1]

Cluster Id : 1
Cluster Centers : Type = dense real , numRows = 1 , numCols = 11
1171845.000   3.075   1.310   1.437   1.352   2.105   1.343   2.101   1.262   1.116   4.000  

Previous Centers : Type = dense real , numRows = 1 , numCols = 11
1171845.000   3.123   1.353   1.487   1.371   2.155   1.455   2.151   1.287   1.116   4.000  

Cluster Points[1000025, 1015425, 1017023, 1018099, 1018561, 1033078, 1033078, 1035283, 1036172, 1041801, 1043999, 1047630, 1048672, 1049815, 1050718, 1056784, 1059552, 1065726, 1066373, 1066979, 1067444, 1070935, 1070935, 1071760, 1074610, 1075123, 1079304, 1081791, 1103722, 1105524, 1106095, 1108370, 1108449, 1113038, 1113483, 1113906, 1115293, 1116132, 1116192, 1116998, 1117152, 1121732, 1121919, 1124651, 1126417, 1131294, 1132347, 1133041, 1133136, 1136142, 1137156, 1143978, 1143978, 1147044, 1152331, 1155546, 1156272, 1156948, 1157734, 1158247, 1160476, 1164066, 1165297, 1165790, 1167439, 1167471, 1168359, 1169049, 1171710, 1171795, 1173235, 1173347, 1173347, 1173514, 1173681, 1174057, 1174057, 1176406, 1177027, 1177512, 1178580, 1179818, 1180523, 1180831, 1181356, 1182404, 1182410, 1183240, 1183516, 1183911, 1184184, 1184241, 1185610, 1187457, 1188472, 1190394, 1190485, 1193091, 1193210, 1197080, 1197270, 1197440, 1197979, 1198641, 1199219, 1199731, 1199983, 1200772, 1201834, 1202125, 1203096, 1204242, 1204898, 1206089, 1208301, 1212232, 1212251, 1212422, 1212422, 1213383, 1214092, 1214556, 1216947, 1217051, 1217264, 1218860, 1218860, 1219406, 1220330, 1223282, 1223426, 1223967, 1224329, 1226012, 1227244, 1228311, 1231706, 1236043, 1270479, 1276091, 1277018, 128059, 1285531, 1287775, 167528, 183913, 1182404, 1182404, 1198641, 1182404, 385103, 411453, 428903, 431495, 434518, 452264, 456282, 486283, 486662, 535331, 560680, 561477, 625201, 636130, 646904, 666090, 666942, 673637, 684955, 688033, 693702, 704097, 718641, 733639, 740492, 743348, 756136, 764974, 770066, 792744, 798429, 704097, 810104, 814265, 814911, 826923, 830690, 831268, 832226, 836433, 837082, 855524, 857774, 859164, 888169, 888523, 896404, 897172, 342245, 428598, 492561, 493452, 493452, 521441, 560680, 636437, 640712, 654244, 657753, 685977, 805448, 1002504, 1022257, 1026122, 1071084, 1114570, 1114570, 1116715, 1131411, 1156017, 1158247, 1158405, 1168278, 1176187, 1196263, 1196475, 1206314, 1213784, 1223003, 1223306, 1223543, 1229929, 1231853, 1234554, 1236837, 1237674, 1238021, 1238915, 1239232, 1239967, 1240337, 1253505, 1255384, 1257648, 1257815, 1257938, 1258556, 1272039, 1276091, 1276091, 1276091, 1277629, 1293439, 527337, 558538, 566509, 677910, 734111, 734111, 780555, 827627, 1049837, 1058849, 1182404, 1201870, 1202253, 1227081, 1238410, 1246562, 1266124, 1267898, 1268313, 1268804, 1276091, 1280258, 1293966, 1105524, 1181685, 1211594, 1238777, 1257608, 1269574, 1277145, 1287282, 1296025, 1296263, 1296593, 1301945, 1302428, 787451, 1002025, 1070522, 1084139, 1115293, 1133991, 1155967, 1170945, 1181567, 1182404, 1204558, 1217952, 1224565, 1238186, 1253917, 1265899, 1268766, 1277268, 1295508, 1297327, 1297522, 1298360, 1299924, 1299994, 1304595, 1320077, 1320077, 1320304, 333093, 369565, 749653, 769612, 769612, 798429, 807657, 8233704, 867392, 869828, 1043068, 1056171, 1061990, 1113061, 1116192, 1135090, 1145420, 1158157, 1171578, 1174841, 1184586, 1186936, 1197527, 1240603, 1240603, 1287971, 1289391, 1299924, 1306339, 1313658, 1313982, 1321264, 1321321, 1321348, 1321931, 1321942, 1321942, 1328331, 1328755, 1331405, 1333104, 1334071, 183936, 324382, 385103, 690557, 695091, 695219, 824249, 871549, 1115762, 1217717, 1239420, 1261751, 1272166, 1311875, 1320141, 1325309, 1333063, 1333495, 1334659, 1336798, 1344449, 1350568, 353098, 411453, 636375, 1016634, 1031608, 1041043, 1042252, 1061990, 1073836, 1083817, 1096352, 1140597, 1149548, 1174009, 1183596, 1190546, 1213273, 1218982, 1225382, 1235807, 1238777, 1257366, 1260659, 1275807, 1277792, 1277792, 1285722, 1288608, 1290203, 1294413, 1299596, 1303489, 1311033, 1311108, 1318671, 1319609, 1323477, 1324572, 1324681, 1325159, 1326892, 1330361, 1333877, 1334667, 1339781, 1339781, 13454352, 1345452, 1345593, 1347749, 1347943, 1348851, 1353092, 1354840, 1354840, 1355260, 1365075, 1365328, 1368267, 1368273, 1368882, 1371920, 466906, 466906, 534555, 536708, 566346, 603148, 654546, 654546, 714039, 763235, 776715, 841769]
Cluster Internal Indexes[0, 2, 4, 6, 7, 8, 9, 10, 11, 12, 13, 15, 16, 17, 19, 22, 23, 24, 25, 26, 27, 28, 29, 30, 32, 33, 34, 36, 43, 45, 46, 48, 49, 55, 56, 57, 59, 61, 62, 63, 64, 67, 68, 70, 72, 73, 74, 75, 76, 77, 78, 79, 80, 81, 86, 87, 88, 89, 90, 91, 92, 93, 94, 95, 99, 100, 101, 103, 106, 108, 112, 113, 114, 116, 117, 118, 119, 123, 125, 127, 128, 129, 131, 132, 133, 134, 135, 136, 137, 138, 140, 141, 143, 144, 146, 149, 150, 152, 153, 156, 157, 158, 159, 162, 163, 164, 165, 166, 170, 172, 174, 175, 176, 179, 183, 186, 187, 188, 189, 191, 192, 193, 196, 197, 198, 201, 202, 203, 206, 210, 211, 213, 214, 216, 219, 222, 226, 228, 233, 234, 235, 236, 237, 238, 241, 242, 248, 249, 250, 257, 261, 263, 265, 266, 267, 268, 269, 271, 272, 278, 281, 282, 286, 289, 291, 294, 295, 297, 298, 299, 301, 302, 305, 308, 310, 311, 313, 317, 318, 321, 323, 324, 327, 328, 329, 331, 332, 333, 334, 336, 337, 340, 341, 342, 348, 349, 350, 351, 354, 355, 356, 357, 358, 359, 360, 361, 362, 363, 364, 365, 366, 368, 369, 370, 371, 373, 374, 375, 376, 378, 379, 380, 381, 382, 383, 384, 385, 387, 388, 389, 390, 391, 392, 393, 394, 395, 396, 398, 400, 402, 403, 404, 405, 407, 408, 409, 411, 413, 414, 415, 416, 417, 418, 422, 423, 424, 426, 427, 428, 429, 430, 431, 432, 433, 435, 436, 437, 439, 440, 443, 444, 445, 446, 447, 448, 449, 453, 454, 455, 456, 457, 458, 459, 460, 461, 462, 463, 465, 466, 469, 470, 471, 474, 475, 477, 479, 480, 481, 482, 483, 484, 485, 486, 487, 488, 489, 490, 492, 493, 494, 495, 496, 497, 498, 501, 502, 503, 505, 506, 509, 510, 511, 512, 513, 514, 516, 517, 518, 519, 520, 521, 522, 523, 524, 525, 526, 527, 528, 529, 530, 532, 533, 535, 536, 537, 538, 539, 540, 541, 542, 543, 544, 545, 546, 547, 548, 549, 551, 552, 557, 558, 560, 561, 562, 563, 564, 565, 568, 569, 570, 572, 574, 578, 580, 581, 582, 583, 584, 585, 586, 587, 591, 592, 594, 598, 599, 600, 601, 602, 603, 604, 605, 606, 607, 608, 609, 611, 612, 613, 614, 615, 616, 618, 619, 621, 622, 623, 624, 625, 626, 627, 628, 629, 630, 631, 633, 634, 635, 636, 637, 638, 639, 640, 641, 643, 644, 645, 646, 647, 648, 649, 650, 651, 655, 656, 657, 658, 659, 660, 661, 662, 663, 666, 667, 668, 669, 670, 671, 672, 673, 674, 676, 677, 678, 679, -1, -1, -1, -1, -1, -1, -1, -1, -1, -1, -1, -1, -1, -1, -1, -1, -1, -1, -1, -1, -1, -1, -1, -1, -1, -1, -1, -1, -1, -1, -1, -1, -1, -1, -1, -1, -1, -1, -1, -1, -1, -1, -1, -1, -1, -1, -1, -1, -1, -1, -1, -1, -1, -1, -1, -1, -1, -1, -1, -1, -1, -1, -1, -1, -1, -1, -1, -1, -1, -1, -1, -1, -1, -1, -1, -1, -1, -1, -1, -1, -1, -1, -1, -1, -1, -1, -1, -1, -1, -1, -1, -1, -1, -1, -1, -1, -1, -1, -1, -1, -1, -1, -1, -1, -1, -1, -1, -1, -1, -1, -1, -1, -1, -1, -1, -1, -1, -1, -1, -1, -1, -1, -1, -1, -1, -1, -1, -1, -1, -1, -1, -1, -1, -1, -1, -1, -1, -1, -1, -1, -1, -1, -1, -1, -1, -1, -1, -1, -1, -1, -1, -1, -1, -1, -1, -1, -1, -1, -1, -1, -1, -1, -1, -1, -1, -1, -1, -1, -1, -1, -1, -1, -1, -1, -1, -1, -1, -1, -1, -1, -1, -1, -1, -1, -1, -1, -1, -1, -1, -1, -1, -1, -1, -1, -1, -1, -1, -1, -1, -1, -1, -1, -1, -1, -1, -1, -1, -1, -1, -1, -1, -1, -1, -1, -1, -1, -1, -1, -1, -1, -1, -1, -1, -1, -1, -1, -1, -1]

------------------------Has Converged : Tolerance------------------------
