Features Considered are[1, 2, 3, 4, 5, 6, 7, 8, 9]
------------------------Iteration 0 ------------------------
Cluster Id : 0
Cluster Centers : Type = dense real , numRows = 1 , numCols = 11
1181567.000   3.438   1.627   1.786   1.595   2.308   2.028   2.369   1.525   1.149   2.000  

Cluster Points[1000025, 1002945, 1015425, 1016277, 1017023, 1018099, 1018561, 1033078, 1033078, 1035283, 1036172, 1041801, 1043999, 1047630, 1048672, 1049815, 1050718, 1056784, 1059552, 1065726, 1066373, 1066979, 1067444, 1070935, 1070935, 1071760, 1074610, 1075123, 1079304, 1081791, 1091262, 1099510, 1102573, 1103722, 1105524, 1106095, 1108370, 1108449, 1110102, 1111249, 1113038, 1113483, 1113906, 1115282, 1115293, 1116132, 1116192, 1116998, 1117152, 1121732, 1121919, 1124651, 1126417, 1131294, 1132347, 1133041, 1133136, 1136142, 1137156, 1143978, 1143978, 1147044, 1148278, 1152331, 1155546, 1156272, 1156948, 1157734, 1158247, 1160476, 1164066, 1165297, 1165790, 1167439, 1167471, 1168359, 1169049, 1171710, 1171795, 1171845, 1173235, 1173347, 1173347, 1173514, 1173681, 1174057, 1174057, 1174428, 1176406, 1177027, 1177399, 1177512, 1178580, 1179818, 1180523, 1180831, 1181356, 1182404, 1182410, 1183240, 1183516, 1183911, 1183983, 1184184, 1184241, 1185609, 1185610, 1187457, 1188472, 1189266, 1190394, 1190485, 1192325, 1193091, 1193210, 1197080, 1197270, 1197440, 1197979, 1198641, 1199219, 1199731, 1199983, 1200772, 1200892, 1201834, 1202125, 1202812, 1203096, 1204242, 1204898, 1206089, 1208301, 1212232, 1212251, 1212422, 1212422, 1213383, 1214092, 1214556, 1216947, 1217051, 1217264, 1218860, 1218860, 1219406, 1220330, 1223282, 1223426, 1223967, 1224329, 1226012, 1226612, 1227244, 1228311, 1231706, 1232225, 1236043, 1243256, 1270479, 1276091, 1277018, 128059, 1285531, 1287775, 145447, 167528, 183913, 1017023, 1168736, 1182404, 1182404, 1198641, 242970, 1182404, 320675, 385103, 411453, 320675, 428903, 431495, 434518, 452264, 456282, 476903, 486283, 486662, 488173, 492268, 535331, 543558, 560680, 561477, 601265, 616240, 625201, 636130, 646904, 653777, 666090, 666942, 673637, 684955, 688033, 693702, 704097, 706426, 718641, 721482, 733639, 733823, 740492, 743348, 752904, 756136, 76389, 764974, 770066, 785208, 792744, 798429, 704097, 806423, 809912, 810104, 814265, 814911, 826923, 830690, 831268, 832226, 832567, 836433, 837082, 846832, 855524, 857774, 859164, 873549, 888169, 888523, 896404, 897172, 342245, 428598, 492561, 493452, 493452, 521441, 560680, 636437, 640712, 654244, 657753, 685977, 805448, 1002504, 1022257, 1026122, 1071084, 1080233, 1114570, 1114570, 1116715, 1131411, 1156017, 1158247, 1158405, 1168278, 1176187, 1196263, 1196475, 1206314, 1213784, 1223003, 1223306, 1223543, 1229929, 1231853, 1234554, 1236837, 1237674, 1238021, 1238915, 1239232, 1239967, 1240337, 1253505, 1255384, 1257648, 1257815, 1257938, 1258556, 1272039, 1276091, 1276091, 1276091, 1277629, 1293439, 527337, 558538, 566509, 677910, 734111, 734111, 780555, 827627, 1049837, 1058849, 1182404, 1201870, 1202253, 1227081, 1238410, 1246562, 1266124, 1267898, 1268313, 1268804, 1276091, 1280258, 1293966, 1105524, 1181685, 1211594, 1238777, 1257608, 1269574, 1277145, 1287282, 1296025, 1296263, 1296593, 1301945, 1302428, 787451, 1002025, 1070522, 1076352, 1084139, 1115293, 1133991, 1155967, 1170945, 1181567, 1182404, 1204558, 1217952, 1224565, 1238186, 1253917, 1265899, 1268766, 1277268, 1295508, 1297327, 1297522, 1298360, 1299924, 1299994, 1304595, 1320077, 1320077, 1320304, 333093, 369565, 412300, 749653, 769612, 769612, 798429, 807657, 8233704, 867392, 869828, 1043068, 1056171, 1061990, 1113061, 1116192, 1135090, 1145420, 1158157, 1171578, 1174841, 1184586, 1186936, 1197527, 1240603, 1240603, 1287971, 1289391, 1299924, 1306339, 1313658, 1313982, 1321264, 1321321, 1321348, 1321931, 1321942, 1321942, 1328331, 1328755, 1331405, 1333104, 1334071, 1343068, 183936, 324382, 385103, 690557, 695091, 695219, 824249, 871549, 1115762, 1217717, 1239420, 1261751, 1272166, 1294261, 1298484, 1311875, 1315506, 1320141, 1325309, 1333063, 1333495, 1334659, 1336798, 1344449, 1350568, 188336, 353098, 411453, 636375, 1016634, 1031608, 1041043, 1042252, 1061990, 1073836, 1083817, 1096352, 1140597, 1149548, 1174009, 1183596, 1190546, 1213273, 1218982, 1225382, 1235807, 1238777, 1257366, 1260659, 1275807, 1277792, 1277792, 1285722, 1288608, 1290203, 1294413, 1299596, 1303489, 1311033, 1311108, 1318671, 1319609, 1323477, 1324572, 1324681, 1325159, 1326892, 1330361, 1333877, 1334667, 1339781, 1339781, 13454352, 1345452, 1345593, 1347749, 1347943, 1348851, 1350319, 1353092, 1354840, 1354840, 1355260, 1365075, 1365328, 1368267, 1368273, 1368882, 1371920, 466906, 466906, 534555, 536708, 566346, 603148, 654546, 654546, 714039, 763235, 776715, 841769]
Cluster Id : 1
Cluster Centers : Type = dense real , numRows = 1 , numCols = 11
1258549.000   7.379   7.609   7.397   6.443   5.943   7.983   6.592   6.805   2.931   4.000  

Cluster Points[1017122, 1044572, 1050670, 1054590, 1054593, 1072179, 1080185, 1084584, 1100524, 1103608, 1105257, 1106829, 1110503, 1110524, 1112209, 1116116, 1118039, 1120559, 1123061, 1125035, 1147699, 1147748, 1148873, 1165926, 1166630, 1166654, 1168736, 1170419, 1170420, 1171710, 1172152, 1173216, 1173509, 1174131, 1175937, 1176881, 1180194, 1187805, 1189286, 1196295, 1196915, 1197993, 1198128, 1200847, 1200952, 1201936, 1205138, 1205579, 1206695, 1206841, 1207986, 1210963, 1211202, 1213375, 1214966, 1216694, 1218105, 1218741, 1219525, 1219859, 1221863, 1222047, 1222936, 1223793, 1225799, 1227210, 1227481, 1228152, 1230175, 1230688, 1231387, 1241559, 1241679, 1242364, 144888, 191250, 1100524, 1116116, 255644, 263538, 274137, 303213, 314428, 1198641, 324427, 390840, 508234, 527363, 529329, 555977, 606722, 63375, 635844, 640744, 659642, 667204, 691628, 709287, 730881, 760001, 760239, 785615, 797327, 822829, 850831, 859350, 866325, 877291, 877943, 95719, 160296, 846423, 1151734, 1211265, 1238633, 1238948, 1239347, 1257200, 1258549, 1266154, 1293439, 1294562, 1295186, 608157, 1193544, 1230994, 1257470, 1259008, 1296572, 1298416, 1299596, 1299161, 1318169, 474162, 1073960, 1119189, 1142706, 1286943, 1306282, 1313325, 1330439, 672113, 837480, 1222464, 1241035, 1331412, 1343374, 1344121, 142932, 378275, 878358, 1107684, 1254538, 1268275, 1295529, 1352663, 352431, 557583, 736150, 803531, 822829, 1190386, 1253955, 1268952, 1315807, 1334015, 1350423, 1352848, 1369821, 1371026, 695091, 888820, 897471, 897471]
------------------------Iteration 1 ------------------------
Cluster Id : 0
Cluster Centers : Type = dense real , numRows = 1 , numCols = 11
1181567.000   3.135   1.372   1.506   1.397   2.173   1.481   2.173   1.327   1.115   2.000  

Cluster Points[1000025, 1015425, 1017023, 1018099, 1018561, 1033078, 1033078, 1035283, 1036172, 1041801, 1043999, 1047630, 1048672, 1049815, 1050718, 1056784, 1059552, 1065726, 1066373, 1066979, 1067444, 1070935, 1070935, 1071760, 1074610, 1075123, 1079304, 1081791, 1099510, 1102573, 1103722, 1105524, 1106095, 1108370, 1108449, 1113038, 1113483, 1113906, 1115293, 1116132, 1116192, 1116998, 1117152, 1121732, 1121919, 1124651, 1126417, 1131294, 1132347, 1133041, 1133136, 1136142, 1137156, 1143978, 1143978, 1147044, 1152331, 1155546, 1156272, 1156948, 1157734, 1158247, 1160476, 1164066, 1165297, 1165790, 1167439, 1167471, 1168359, 1169049, 1171710, 1171795, 1173235, 1173347, 1173347, 1173514, 1173681, 1174057, 1174057, 1176406, 1177027, 1177512, 1178580, 1179818, 1180523, 1180831, 1181356, 1182404, 1182410, 1183240, 1183516, 1183911, 1184184, 1184241, 1185609, 1185610, 1187457, 1188472, 1190394, 1190485, 1193091, 1193210, 1197080, 1197270, 1197440, 1197979, 1198641, 1199219, 1199731, 1199983, 1200772, 1201834, 1202125, 1202812, 1203096, 1204242, 1204898, 1206089, 1208301, 1212232, 1212251, 1212422, 1212422, 1213383, 1214092, 1214556, 1216947, 1217051, 1217264, 1218860, 1218860, 1219406, 1220330, 1223282, 1223426, 1223967, 1224329, 1226012, 1227244, 1228311, 1231706, 1236043, 1270479, 1276091, 1277018, 128059, 1285531, 1287775, 145447, 167528, 183913, 1182404, 1182404, 1198641, 1182404, 320675, 385103, 411453, 320675, 428903, 431495, 434518, 452264, 456282, 486283, 486662, 535331, 543558, 560680, 561477, 616240, 625201, 636130, 646904, 666090, 666942, 673637, 684955, 688033, 693702, 704097, 718641, 721482, 733639, 740492, 743348, 752904, 756136, 764974, 770066, 792744, 798429, 704097, 810104, 814265, 814911, 826923, 830690, 831268, 832226, 836433, 837082, 846832, 855524, 857774, 859164, 888169, 888523, 896404, 897172, 342245, 428598, 492561, 493452, 493452, 521441, 560680, 636437, 640712, 654244, 657753, 685977, 805448, 1002504, 1022257, 1026122, 1071084, 1114570, 1114570, 1116715, 1131411, 1156017, 1158247, 1158405, 1168278, 1176187, 1196263, 1196475, 1206314, 1213784, 1223003, 1223306, 1223543, 1229929, 1231853, 1234554, 1236837, 1237674, 1238021, 1238915, 1239232, 1239967, 1240337, 1253505, 1255384, 1257648, 1257815, 1257938, 1258556, 1272039, 1276091, 1276091, 1276091, 1277629, 1293439, 527337, 558538, 566509, 677910, 734111, 734111, 780555, 827627, 1049837, 1058849, 1182404, 1201870, 1202253, 1227081, 1238410, 1246562, 1266124, 1267898, 1268313, 1268804, 1276091, 1280258, 1293966, 1105524, 1181685, 1211594, 1238777, 1257608, 1269574, 1277145, 1287282, 1296025, 1296263, 1296593, 1301945, 1302428, 787451, 1002025, 1070522, 1076352, 1084139, 1115293, 1133991, 1155967, 1170945, 1181567, 1182404, 1204558, 1217952, 1224565, 1238186, 1253917, 1265899, 1268766, 1277268, 1295508, 1297327, 1297522, 1298360, 1299924, 1299994, 1304595, 1320077, 1320077, 1320304, 333093, 369565, 749653, 769612, 769612, 798429, 807657, 8233704, 867392, 869828, 1043068, 1056171, 1061990, 1113061, 1116192, 1135090, 1145420, 1158157, 1171578, 1174841, 1184586, 1186936, 1197527, 1240603, 1240603, 1287971, 1289391, 1299924, 1306339, 1313658, 1313982, 1321264, 1321321, 1321348, 1321931, 1321942, 1321942, 1328331, 1328755, 1331405, 1333104, 1334071, 183936, 324382, 385103, 690557, 695091, 695219, 824249, 871549, 1115762, 1217717, 1239420, 1261751, 1272166, 1311875, 1320141, 1325309, 1333063, 1333495, 1334659, 1336798, 1344449, 1350568, 353098, 411453, 636375, 1016634, 1031608, 1041043, 1042252, 1061990, 1073836, 1083817, 1096352, 1140597, 1149548, 1174009, 1183596, 1190546, 1213273, 1218982, 1225382, 1235807, 1238777, 1257366, 1260659, 1275807, 1277792, 1277792, 1285722, 1288608, 1290203, 1294413, 1299596, 1303489, 1311033, 1311108, 1318671, 1319609, 1323477, 1324572, 1324681, 1325159, 1326892, 1330361, 1333877, 1334667, 1339781, 1339781, 13454352, 1345452, 1345593, 1347749, 1347943, 1348851, 1353092, 1354840, 1354840, 1355260, 1365075, 1365328, 1368267, 1368273, 1368882, 1371920, 466906, 466906, 534555, 536708, 566346, 603148, 654546, 654546, 714039, 763235, 776715, 841769]
Cluster Id : 1
Cluster Centers : Type = dense real , numRows = 1 , numCols = 11
1258549.000   7.288   7.023   6.935   5.949   5.544   8.037   6.214   6.228   2.665   4.000  

Cluster Points[1002945, 1016277, 1017122, 1044572, 1050670, 1054590, 1054593, 1072179, 1080185, 1084584, 1091262, 1100524, 1103608, 1105257, 1106829, 1110102, 1110503, 1110524, 1111249, 1112209, 1115282, 1116116, 1118039, 1120559, 1123061, 1125035, 1147699, 1147748, 1148278, 1148873, 1165926, 1166630, 1166654, 1168736, 1170419, 1170420, 1171710, 1171845, 1172152, 1173216, 1173509, 1174131, 1174428, 1175937, 1176881, 1177399, 1180194, 1183983, 1187805, 1189266, 1189286, 1192325, 1196295, 1196915, 1197993, 1198128, 1200847, 1200892, 1200952, 1201936, 1205138, 1205579, 1206695, 1206841, 1207986, 1210963, 1211202, 1213375, 1214966, 1216694, 1218105, 1218741, 1219525, 1219859, 1221863, 1222047, 1222936, 1223793, 1225799, 1226612, 1227210, 1227481, 1228152, 1230175, 1230688, 1231387, 1232225, 1241559, 1241679, 1242364, 1243256, 144888, 191250, 1017023, 1100524, 1116116, 1168736, 242970, 255644, 263538, 274137, 303213, 314428, 1198641, 324427, 390840, 476903, 488173, 492268, 508234, 527363, 529329, 555977, 601265, 606722, 63375, 635844, 640744, 653777, 659642, 667204, 691628, 706426, 709287, 730881, 733823, 760001, 760239, 76389, 785208, 785615, 797327, 806423, 809912, 822829, 832567, 850831, 859350, 866325, 873549, 877291, 877943, 95719, 160296, 846423, 1080233, 1151734, 1211265, 1238633, 1238948, 1239347, 1257200, 1258549, 1266154, 1293439, 1294562, 1295186, 608157, 1193544, 1230994, 1257470, 1259008, 1296572, 1298416, 1299596, 1299161, 1318169, 474162, 1073960, 1119189, 1142706, 1286943, 1306282, 1313325, 1330439, 412300, 672113, 837480, 1222464, 1241035, 1331412, 1343068, 1343374, 1344121, 142932, 378275, 878358, 1107684, 1254538, 1268275, 1294261, 1295529, 1298484, 1315506, 1352663, 188336, 352431, 557583, 736150, 803531, 822829, 1190386, 1253955, 1268952, 1315807, 1334015, 1350319, 1350423, 1352848, 1369821, 1371026, 695091, 888820, 897471, 897471]
------------------------Iteration 2 ------------------------
Cluster Id : 0
Cluster Centers : Type = dense real , numRows = 1 , numCols = 11
1181567.000   3.090   1.328   1.456   1.356   2.127   1.365   2.118   1.279   1.118   2.000  

Cluster Points[1000025, 1015425, 1017023, 1018099, 1018561, 1033078, 1033078, 1035283, 1036172, 1041801, 1043999, 1047630, 1048672, 1049815, 1050718, 1056784, 1059552, 1065726, 1066373, 1066979, 1067444, 1070935, 1070935, 1071760, 1074610, 1075123, 1079304, 1081791, 1099510, 1103722, 1105524, 1106095, 1108370, 1108449, 1113038, 1113483, 1113906, 1115293, 1116132, 1116192, 1116998, 1117152, 1121732, 1121919, 1124651, 1126417, 1131294, 1132347, 1133041, 1133136, 1136142, 1137156, 1143978, 1143978, 1147044, 1152331, 1155546, 1156272, 1156948, 1157734, 1158247, 1160476, 1164066, 1165297, 1165790, 1167439, 1167471, 1168359, 1169049, 1171710, 1171795, 1173235, 1173347, 1173347, 1173514, 1173681, 1174057, 1174057, 1176406, 1177027, 1177512, 1178580, 1179818, 1180523, 1180831, 1181356, 1182404, 1182410, 1183240, 1183516, 1183911, 1184184, 1184241, 1185609, 1185610, 1187457, 1188472, 1190394, 1190485, 1193091, 1193210, 1197080, 1197270, 1197440, 1197979, 1198641, 1199219, 1199731, 1199983, 1200772, 1201834, 1202125, 1203096, 1204242, 1204898, 1206089, 1208301, 1212232, 1212251, 1212422, 1212422, 1213383, 1214092, 1214556, 1216947, 1217051, 1217264, 1218860, 1218860, 1219406, 1220330, 1223282, 1223426, 1223967, 1224329, 1226012, 1227244, 1228311, 1231706, 1236043, 1270479, 1276091, 1277018, 128059, 1285531, 1287775, 167528, 183913, 1182404, 1182404, 1198641, 1182404, 385103, 411453, 428903, 431495, 434518, 452264, 456282, 486283, 486662, 535331, 560680, 561477, 625201, 636130, 646904, 666090, 666942, 673637, 684955, 688033, 693702, 704097, 718641, 733639, 740492, 743348, 756136, 764974, 770066, 792744, 798429, 704097, 810104, 814265, 814911, 826923, 830690, 831268, 832226, 836433, 837082, 846832, 855524, 857774, 859164, 888169, 888523, 896404, 897172, 342245, 428598, 492561, 493452, 493452, 521441, 560680, 636437, 640712, 654244, 657753, 685977, 805448, 1002504, 1022257, 1026122, 1071084, 1114570, 1114570, 1116715, 1131411, 1156017, 1158247, 1158405, 1168278, 1176187, 1196263, 1196475, 1206314, 1213784, 1223003, 1223306, 1223543, 1229929, 1231853, 1234554, 1236837, 1237674, 1238021, 1238915, 1239232, 1239967, 1240337, 1253505, 1255384, 1257648, 1257815, 1257938, 1258556, 1272039, 1276091, 1276091, 1276091, 1277629, 1293439, 527337, 558538, 566509, 677910, 734111, 734111, 780555, 827627, 1049837, 1058849, 1182404, 1201870, 1202253, 1227081, 1238410, 1246562, 1266124, 1267898, 1268313, 1268804, 1276091, 1280258, 1293966, 1105524, 1181685, 1211594, 1238777, 1257608, 1269574, 1277145, 1287282, 1296025, 1296263, 1296593, 1301945, 1302428, 787451, 1002025, 1070522, 1084139, 1115293, 1133991, 1155967, 1170945, 1181567, 1182404, 1204558, 1217952, 1224565, 1238186, 1253917, 1265899, 1268766, 1277268, 1295508, 1297327, 1297522, 1298360, 1299924, 1299994, 1304595, 1320077, 1320077, 1320304, 333093, 369565, 749653, 769612, 769612, 798429, 807657, 8233704, 867392, 869828, 1043068, 1056171, 1061990, 1113061, 1116192, 1135090, 1145420, 1158157, 1171578, 1174841, 1184586, 1186936, 1197527, 1240603, 1240603, 1287971, 1289391, 1299924, 1306339, 1313658, 1313982, 1321264, 1321321, 1321348, 1321931, 1321942, 1321942, 1328331, 1328755, 1331405, 1333104, 1334071, 183936, 324382, 385103, 690557, 695091, 695219, 824249, 871549, 1115762, 1217717, 1239420, 1261751, 1272166, 1311875, 1320141, 1325309, 1333063, 1333495, 1334659, 1336798, 1344449, 1350568, 353098, 411453, 636375, 1016634, 1031608, 1041043, 1042252, 1061990, 1073836, 1083817, 1096352, 1140597, 1149548, 1174009, 1183596, 1190546, 1213273, 1218982, 1225382, 1235807, 1238777, 1257366, 1260659, 1275807, 1277792, 1277792, 1285722, 1288608, 1290203, 1294413, 1299596, 1303489, 1311033, 1311108, 1318671, 1319609, 1323477, 1324572, 1324681, 1325159, 1326892, 1330361, 1333877, 1334667, 1339781, 1339781, 13454352, 1345452, 1345593, 1347749, 1347943, 1348851, 1353092, 1354840, 1354840, 1355260, 1365075, 1365328, 1368267, 1368273, 1368882, 1371920, 466906, 466906, 534555, 536708, 566346, 603148, 654546, 654546, 714039, 763235, 776715, 841769]
Cluster Id : 1
Cluster Centers : Type = dense real , numRows = 1 , numCols = 11
1258549.000   7.196   6.862   6.796   5.831   5.489   7.982   6.147   6.107   2.591   4.000  

Cluster Points[1002945, 1016277, 1017122, 1044572, 1050670, 1054590, 1054593, 1072179, 1080185, 1084584, 1091262, 1100524, 1102573, 1103608, 1105257, 1106829, 1110102, 1110503, 1110524, 1111249, 1112209, 1115282, 1116116, 1118039, 1120559, 1123061, 1125035, 1147699, 1147748, 1148278, 1148873, 1165926, 1166630, 1166654, 1168736, 1170419, 1170420, 1171710, 1171845, 1172152, 1173216, 1173509, 1174131, 1174428, 1175937, 1176881, 1177399, 1180194, 1183983, 1187805, 1189266, 1189286, 1192325, 1196295, 1196915, 1197993, 1198128, 1200847, 1200892, 1200952, 1201936, 1202812, 1205138, 1205579, 1206695, 1206841, 1207986, 1210963, 1211202, 1213375, 1214966, 1216694, 1218105, 1218741, 1219525, 1219859, 1221863, 1222047, 1222936, 1223793, 1225799, 1226612, 1227210, 1227481, 1228152, 1230175, 1230688, 1231387, 1232225, 1241559, 1241679, 1242364, 1243256, 144888, 145447, 191250, 1017023, 1100524, 1116116, 1168736, 242970, 255644, 263538, 274137, 303213, 314428, 1198641, 320675, 324427, 390840, 320675, 476903, 488173, 492268, 508234, 527363, 529329, 543558, 555977, 601265, 606722, 616240, 63375, 635844, 640744, 653777, 659642, 667204, 691628, 706426, 709287, 721482, 730881, 733823, 752904, 760001, 760239, 76389, 785208, 785615, 797327, 806423, 809912, 822829, 832567, 850831, 859350, 866325, 873549, 877291, 877943, 95719, 160296, 846423, 1080233, 1151734, 1211265, 1238633, 1238948, 1239347, 1257200, 1258549, 1266154, 1293439, 1294562, 1295186, 608157, 1193544, 1230994, 1257470, 1259008, 1296572, 1298416, 1299596, 1299161, 1318169, 474162, 1073960, 1076352, 1119189, 1142706, 1286943, 1306282, 1313325, 1330439, 412300, 672113, 837480, 1222464, 1241035, 1331412, 1343068, 1343374, 1344121, 142932, 378275, 878358, 1107684, 1254538, 1268275, 1294261, 1295529, 1298484, 1315506, 1352663, 188336, 352431, 557583, 736150, 803531, 822829, 1190386, 1253955, 1268952, 1315807, 1334015, 1350319, 1350423, 1352848, 1369821, 1371026, 695091, 888820, 897471, 897471]
------------------------Has Converged : Tolerance------------------------
----------Associating Set Data Sets to Calculated Centroid-------
Cluster Id : 0
Cluster Centers : Type = dense real , numRows = 1 , numCols = 11
1181567.000   3.090   1.328   1.456   1.356   2.127   1.365   2.118   1.279   1.118   2.000  

Cluster Points[486662, 535331, 560680, 561477, 625201, 636130, 646904, 666090, 666942, 673637, 684955, 688033, 693702, 704097, 718641, 733639, 740492, 743348, 756136, 764974, 770066, 792744, 798429, 704097, 810104, 814265, 814911, 826923, 830690, 831268, 832226, 836433, 837082]
Cluster Id : 1
Cluster Centers : Type = dense real , numRows = 1 , numCols = 11
1258549.000   7.196   6.862   6.796   5.831   5.489   7.982   6.147   6.107   2.591   4.000  

Cluster Points[488173, 492268, 508234, 527363, 529329, 543558, 555977, 601265, 606722, 616240, 63375, 635844, 640744, 653777, 659642, 667204, 691628, 706426, 709287, 721482, 730881, 733823, 752904, 760001, 760239, 76389, 785208, 785615, 797327, 806423, 809912, 822829, 832567, 846832, 850831]
